1,
1,
2,
1,
2,
1,
1,
1,
6,
1,
1,
1,
1,
3,
4,
2,
1,
1,
1,
1,
1,
1,
1,
5,
1,
1,
1,
5,
1,
1,
3,
2,
1,
2,
2,
1,
1,
4,
1,
1,
5,
1,
2,
2,
1,
1,
1,
3,
2,
1,
1,
1,
1,
2,
1,
2,
2,
2,
2,
2,
2,
1,
1,
1,
1,
3,
3,
12,
3,
1,
2,
1,
1,
1,
1,
1,
1,
1,
1,
1,
1,
1,
1,
1,
1,
1,
1,
2,
2,
1,
1,
7,
1,
1,
1,
1,
6,
2,
2,
1,
1,
1,
1,
1,
1,
1,
1,
1,
1,
3,
3,
1,
1,
1,
1,
13,
1,
4,
2,
2,
1,
7,
1,
1,
3,
1,
1,
1,
2,
1,
1,
1,
3,
2,
1,
1,
1,
1,
1,
3,
2,
10,
1,
3,
1,
15,
4,
2,
3,
2,
1,
1,
4,
1,
1,
1,
1,
1,
3,
4,
1,
1,
1,
1,
1,
4,
1,
3,
18,
1,
2,
1,
7,
1,
1,
1,
1,
1,
1,
1,
1,
1,
1,
1,
14,
28,
1,
6,
1,
6,
1,
13,
2,
27,
1,
1,
1,
1,
1,
9,
1,
1,
1,
12,
7,
1,
3,
1,
3,
1,
1,
1,
2,
2,
9,
1,
1,
2,
2,
1,
4,
25,
3,
1,
3,
1,
2,
1,
5,
1,
5,
4,
1,
5,
20,
2,
1,
1,
7,
1,
1,
1,
2,
2,
5,
2,
4,
1,
1,
1,
2,
1,
22,
1,
1,
1,
4,
1,
6,
1,
1,
1,
2,
1,
5,
1,
2,
2,
1,
1,
5,
2,
1,
3,
3,
1,
1,
2,
1,
3,
1,
1,
1,
1,
1,
1,
1,
3,
1,
2,
2,
31,
1,
2,
2,
17,
1,
2,
2,
1,
1,
5,
1,
1,
1,
1,
1,
1,
1,
1,
1,
4,
1,
1,
1,
2,
1,
1,
1,
2,
1,
2,
2,
2,
2,
11,
1,
10,
1,
1,
1,
1,
1,
2,
1,
2,
2,
77,
12,
1,
18,
1,
1,
6,
1,
2,
1,
1,
1,
3,
2,
16,
4,
8,
3,
19,
2,
4,
2,
22,
16,
7,
15,
4,
3,
11,
3,
1,
23,
2,
2,
10,
39,
24,
5,
9,
78,
42,
6,
7,
14,
20,
3,
20,
8,
50,
28,
4,
3,
6,
8,
2,
75,
10,
7,
91,
575,
1,
2,
29,
12,
4,
1,
4,
3,
3,
4,
9,
21,
31,
21,
18,
36,
13,
45,
2,
5,
9,
46,
10,
4,
159,
40,
41,
8,
42,
4,
6,
21,
24,
10,
12,
5,
4,
46,
35,
1,
8,
7,
3,
6,
4,
19,
8,
916,
1,
5,
21,
4,
3,
4,
4,
7,
3,
42,
202,
30,
4,
12,
4,
3,
5,
2,
38,
5,
6,
6,
6,
1,
6,
14,
3,
3,
32,
5,
5,
6,
12,
21,
26,
3,
21,
6,
2,
21,
2,
24,
13,
20,
418,
7,
71,
30,
2,
1,
4,
17,
17,
14,
31,
48,
37,
18,
8,
9,
2,
14,
64,
2,
4,
2,
11,
4,
1,
6,
1,
48,
12,
10,
11,
1,
5,
242,
2,
1,
37,
12,
30,
19,
1,
3,
3,
2,
3,
1,
1,
16,
23,
6,
11,
17,
2,
3,
3,
60,
4,
6,
26,
1,
19,
26,
3,
17,
7,
4,
1,
12,
8,
4,
60,
6,
3,
8,
1,
1,
26,
38,
4,
1,
2,
8,
17,
14,
18,
14,
132,
110,
4,
3,
46,
13,
1,
2,
16,
15,
1,
16,
22,
26,
24,
6,
28,
12,
25,
5,
31,
63,
26,
2,
8,
15,
27,
1,
4,
21,
25,
7,
1,
11,
2,
3,
5,
5,
6,
20,
10,
7,
88,
2,
1,
45,
116,
1,
41,
5,
250,
24,
11,
11,
19,
20,
2,
16,
18,
4,
96,
1,
16,
4,
2,
23,
6,
3,
3,
27,
11,
10,
3,
1,
1,
1,
1,
3,
16,
4,
21,
3,
10,
1,
6,
16,
1,
2,
1,
5,
12,
1,
20,
4,
6,
1,
3,
4,
1,
46,
2,
2,
3,
1,
1,
2,
68,
14,
30,
17,
12,
39,
46,
1,
22,
1,
20,
3,
1,
12,
18,
4,
47,
23,
9,
2,
1,
2,
8,
7,
5,
35,
1,
35,
1,
7,
4,
11,
8,
579,
2,
7,
6,
1,
2,
1,
7,
1,
5,
22,
2,
19,
5,
40,
3,
16,
2,
15,
7,
26,
38,
1,
66,
6,
29,
2,
5,
2,
18,
23,
3,
3,
4,
3,
46,
4,
13,
115,
11,
2,
35,
3,
3,
3,
2,
4,
3,
88,
16,
1,
3,
12,
2,
2,
1,
34,
7,
4,
69,
5,
4,
34,
8,
26,
18,
3,
1,
14,
5,
7,
5,
1,
5,
29,
24,
39,
11,
43,
31,
23,
10,
8,
16,
5,
8,
4,
7,
40,
386,
1,
22,
2,
4,
26,
11,
2,
4,
2,
2,
76,
49,
12,
18,
2,
35,
1,
44,
13,
39,
8,
3,
1,
2,
1,
2,
11,
1,
1,
231,
1,
17,
2,
2,
39,
1,
9,
2,
7,
11,
14,
8,
15,
2,
16,
2,
16,
28,
5,
9,
14,
1,
6,
4,
8,
2,
2,
1,
4,
6,
8,
25,
1,
1,
4,
1,
1,
16,
7,
2,
2,
2,
3,
5,
1,
13,
1,
4,
9,
2,
3,
1,
3,
2,
1,
2,
9,
5,
11,
4,
2,
5,
4,
11,
2,
43,
12,
42,
5,
22,
15,
1,
2,
1,
1,
1,
1,
6,
1,
2,
9,
1,
14,
5,
15,
53,
39,
1,
1,
3,
1,
21,
2,
9,
1,
1,
2,
13,
2,
50,
11,
4,
11,
2,
13,
6,
1,
17,
7,
17,
2,
9,
6,
1,
3,
2,
2,
14,
4,
33,
9,
1,
2,
48,
1,
5,
4,
28,
5,
23,
1,
83,
59,
29,
10,
3,
15,
4,
20,
9,
3,
106,
16,
7,
8,
1,
43,
2,
30,
20,
6,
25,
54,
5,
52,
2,
10,
2,
13,
13,
3,
35,
57,
16,
8,
29,
31,
2,
60,
6,
76,
24,
6,
14,
44,
11,
82,
8,
1,
37,
18,
34,
10,
16,
26,
35,
28,
17,
1,
1,
3,
12,
1,
43,
1,
1,
5,
13,
84,
5,
13,
16,
1,
12,
5,
12,
10,
5,
7,
25,
5,
2,
12,
5,
2,
5,
27,
2,
67,
2,
2,
22,
1,
18,
7,
1,
39,
1,
17,
20,
6,
10,
8,
4,
1,
37,
104,
186,
1,
89,
18,
23,
33,
11,
3,
9,
2,
10,
9,
10,
7,
14,
11,
3,
1,
1,
8,
3,
3,
1,
2,
147,
70,
6,
21,
27,
3,
18,
2,
6,
38,
1,
13,
1,
2,
3,
11,
45,
41,
3,
47,
84,
1,
4,
2,
48,
1,
19,
8,
18,
52,
17,
8,
58,
89,
3,
16,
2,
7,
5,
234,
2,
503,
8,
28,
3,
2,
20,
1,
6,
6,
3,
2,
170,
19,
6,
2,
11,
6,
14,
65,
3,
21,
113,
17,
6,
11,
18,
5,
6,
19,
3,
67,
23,
28,
25,
20,
1,
6,
3,
14,
52,
5,
14,
145,
15,
18,
19,
5,
85,
13,
22,
16,
15,
8,
7,
42,
7,
13,
5,
7,
16,
25,
3,
1,
5,
6,
13,
25,
4,
3,
15,
3,
36,
45,
1,
4,
1,
61,
23,
1,
20,
53,
1,
6,
1,
7,
4,
354,
1,
47,
53,
4,
12,
2,
19,
2,
22,
3,
5,
25,
9,
5,
1,
44,
32,
86,
13,
48,
104,
32,
3,
21,
55,
8,
4,
11,
1,
5,
42,
6,
7,
9,
1,
1,
7,
1,
14,
51,
32,
8,
1,
1,
112,
53,
6,
6,
1,
53,
1,
3,
1,
55,
2,
1,
5,
3,
5,
45,
7,
17,
39,
6,
6,
1,
1,
22,
3,
10,
15,
17,
17,
8,
11,
4,
11,
10,
1,
1,
8,
9,
4,
6,
25,
15,
4,
139,
3,
2,
1,
5,
39,
1,
5,
131,
32,
8,
6,
6,
23,
1,
15,
87,
8,
2,
1,
14,
49,
40,
18,
3,
4,
2,
12,
78,
18,
4,
4,
4,
31,
3,
26,
15,
36,
62,
6,
9,
1,
11,
2,
23,
27,
56,
11,
6,
4,
1,
5,
128,
4,
21,
82,
10,
1,
21,
57,
66,
66,
1,
1,
29,
10,
8,
7,
78,
33,
11,
59,
39,
5,
2,
4,
78,
11,
29,
11,
5,
11,
42,
1,
12,
1,
15,
56,
1,
28,
38,
4,
7,
27,
39,
22,
4,
7,
65,
20,
1,
1,
4,
3,
17,
14,
30,
5,
5,
18,
4,
46,
8,
15,
9,
114,
12,
3,
1,
1,
12,
3,
4,
4,
39,
222,
5,
18,
13,
1,
94,
137,
86,
471,
28,
166,
533,
49,
148,
613,
144,
407,
81,
423,
672,
166,
13,
316,
252,
139,
389,
26,
711,
111,
202,
52,
860,
266,
591,
309,
367,
151,
89,
57,
181,
177,
